{
  "field" : "golden",
  "symmetry" : "icosahedral",
  "orientations" : [ [ 1.0, 0.0, 0.0, 0.0, 0.0, 1.0, 0.0, 0.0, 0.0, 0.0, 1.0, 0.0, 0.0, 0.0, 0.0, 1.0 ], [ 0.0, 0.0, 1.0, 0.0, 1.0, 0.0, 0.0, 0.0, 0.0, 1.0, 0.0, 0.0, 0.0, 0.0, 0.0, 1.0 ], [ 0.0, 1.0, 0.0, 0.0, 0.0, 0.0, 1.0, 0.0, 1.0, 0.0, 0.0, 0.0, 0.0, 0.0, 0.0, 1.0 ], [ 0.809017, 0.309017, 0.5, 0.0, 0.309017, 0.5, -0.809017, 0.0, -0.5, 0.809017, 0.309017, 0.0, 0.0, 0.0, 0.0, 1.0 ], [ -0.5, 0.809017, 0.309017, 0.0, 0.809017, 0.309017, 0.5, 0.0, 0.309017, 0.5, -0.809017, 0.0, 0.0, 0.0, 0.0, 1.0 ], [ 0.309017, 0.5, -0.809017, 0.0, -0.5, 0.809017, 0.309017, 0.0, 0.809017, 0.309017, 0.5, 0.0, 0.0, 0.0, 0.0, 1.0 ], [ 0.5, 0.809017, 0.309017, 0.0, 0.809017, -0.309017, -0.5, 0.0, -0.309017, 0.5, -0.809017, 0.0, 0.0, 0.0, 0.0, 1.0 ], [ -0.309017, 0.5, -0.809017, 0.0, 0.5, 0.809017, 0.309017, 0.0, 0.809017, -0.309017, -0.5, 0.0, 0.0, 0.0, 0.0, 1.0 ], [ 0.809017, -0.309017, -0.5, 0.0, -0.309017, 0.5, -0.809017, 0.0, 0.5, 0.809017, 0.309017, 0.0, 0.0, 0.0, 0.0, 1.0 ], [ 0.5, 0.809017, -0.309017, 0.0, 0.809017, -0.309017, 0.5, 0.0, 0.309017, -0.5, -0.809017, 0.0, 0.0, 0.0, 0.0, 1.0 ], [ 0.309017, -0.5, -0.809017, 0.0, 0.5, 0.809017, -0.309017, 0.0, 0.809017, -0.309017, 0.5, 0.0, 0.0, 0.0, 0.0, 1.0 ], [ 0.809017, -0.309017, 0.5, 0.0, 0.309017, -0.5, -0.809017, 0.0, 0.5, 0.809017, -0.309017, 0.0, 0.0, 0.0, 0.0, 1.0 ], [ 0.809017, 0.309017, -0.5, 0.0, 0.309017, 0.5, 0.809017, 0.0, 0.5, -0.809017, 0.309017, 0.0, 0.0, 0.0, 0.0, 1.0 ], [ 0.5, -0.809017, 0.309017, 0.0, 0.809017, 0.309017, -0.5, 0.0, 0.309017, 0.5, 0.809017, 0.0, 0.0, 0.0, 0.0, 1.0 ], [ 0.309017, 0.5, 0.809017, 0.0, 0.5, -0.809017, 0.309017, 0.0, 0.809017, 0.309017, -0.5, 0.0, 0.0, 0.0, 0.0, 1.0 ], [ 1.0, 0.0, 0.0, 0.0, 0.0, -1.0, 0.0, 0.0, 0.0, 0.0, -1.0, 0.0, 0.0, 0.0, 0.0, 1.0 ], [ 0.0, 0.0, 1.0, 0.0, -1.0, 0.0, 0.0, 0.0, 0.0, -1.0, 0.0, 0.0, 0.0, 0.0, 0.0, 1.0 ], [ 0.0, 1.0, 0.0, 0.0, 0.0, 0.0, -1.0, 0.0, -1.0, 0.0, 0.0, 0.0, 0.0, 0.0, 0.0, 1.0 ], [ 0.809017, 0.309017, 0.5, 0.0, -0.309017, -0.5, 0.809017, 0.0, 0.5, -0.809017, -0.309017, 0.0, 0.0, 0.0, 0.0, 1.0 ], [ -0.5, 0.809017, 0.309017, 0.0, -0.809017, -0.309017, -0.5, 0.0, -0.309017, -0.5, 0.809017, 0.0, 0.0, 0.0, 0.0, 1.0 ], [ 0.309017, 0.5, -0.809017, 0.0, 0.5, -0.809017, -0.309017, 0.0, -0.809017, -0.309017, -0.5, 0.0, 0.0, 0.0, 0.0, 1.0 ], [ 0.5, 0.809017, 0.309017, 0.0, -0.809017, 0.309017, 0.5, 0.0, 0.309017, -0.5, 0.809017, 0.0, 0.0, 0.0, 0.0, 1.0 ], [ -0.309017, 0.5, -0.809017, 0.0, -0.5, -0.809017, -0.309017, 0.0, -0.809017, 0.309017, 0.5, 0.0, 0.0, 0.0, 0.0, 1.0 ], [ 0.809017, -0.309017, -0.5, 0.0, 0.309017, -0.5, 0.809017, 0.0, -0.5, -0.809017, -0.309017, 0.0, 0.0, 0.0, 0.0, 1.0 ], [ 0.5, 0.809017, -0.309017, 0.0, -0.809017, 0.309017, -0.5, 0.0, -0.309017, 0.5, 0.809017, 0.0, 0.0, 0.0, 0.0, 1.0 ], [ 0.309017, -0.5, -0.809017, 0.0, -0.5, -0.809017, 0.309017, 0.0, -0.809017, 0.309017, -0.5, 0.0, 0.0, 0.0, 0.0, 1.0 ], [ 0.809017, -0.309017, 0.5, 0.0, -0.309017, 0.5, 0.809017, 0.0, -0.5, -0.809017, 0.309017, 0.0, 0.0, 0.0, 0.0, 1.0 ], [ 0.809017, 0.309017, -0.5, 0.0, -0.309017, -0.5, -0.809017, 0.0, -0.5, 0.809017, -0.309017, 0.0, 0.0, 0.0, 0.0, 1.0 ], [ 0.5, -0.809017, 0.309017, 0.0, -0.809017, -0.309017, 0.5, 0.0, -0.309017, -0.5, -0.809017, 0.0, 0.0, 0.0, 0.0, 1.0 ], [ 0.309017, 0.5, 0.809017, 0.0, -0.5, 0.809017, -0.309017, 0.0, -0.809017, -0.309017, 0.5, 0.0, 0.0, 0.0, 0.0, 1.0 ], [ -1.0, 0.0, 0.0, 0.0, 0.0, -1.0, 0.0, 0.0, 0.0, 0.0, 1.0, 0.0, 0.0, 0.0, 0.0, 1.0 ], [ 0.0, 0.0, -1.0, 0.0, -1.0, 0.0, 0.0, 0.0, 0.0, 1.0, 0.0, 0.0, 0.0, 0.0, 0.0, 1.0 ], [ 0.0, -1.0, 0.0, 0.0, 0.0, 0.0, -1.0, 0.0, 1.0, 0.0, 0.0, 0.0, 0.0, 0.0, 0.0, 1.0 ], [ -0.809017, -0.309017, -0.5, 0.0, -0.309017, -0.5, 0.809017, 0.0, -0.5, 0.809017, 0.309017, 0.0, 0.0, 0.0, 0.0, 1.0 ], [ 0.5, -0.809017, -0.309017, 0.0, -0.809017, -0.309017, -0.5, 0.0, 0.309017, 0.5, -0.809017, 0.0, 0.0, 0.0, 0.0, 1.0 ], [ -0.309017, -0.5, 0.809017, 0.0, 0.5, -0.809017, -0.309017, 0.0, 0.809017, 0.309017, 0.5, 0.0, 0.0, 0.0, 0.0, 1.0 ], [ -0.5, -0.809017, -0.309017, 0.0, -0.809017, 0.309017, 0.5, 0.0, -0.309017, 0.5, -0.809017, 0.0, 0.0, 0.0, 0.0, 1.0 ], [ 0.309017, -0.5, 0.809017, 0.0, -0.5, -0.809017, -0.309017, 0.0, 0.809017, -0.309017, -0.5, 0.0, 0.0, 0.0, 0.0, 1.0 ], [ -0.809017, 0.309017, 0.5, 0.0, 0.309017, -0.5, 0.809017, 0.0, 0.5, 0.809017, 0.309017, 0.0, 0.0, 0.0, 0.0, 1.0 ], [ -0.5, -0.809017, 0.309017, 0.0, -0.809017, 0.309017, -0.5, 0.0, 0.309017, -0.5, -0.809017, 0.0, 0.0, 0.0, 0.0, 1.0 ], [ -0.309017, 0.5, 0.809017, 0.0, -0.5, -0.809017, 0.309017, 0.0, 0.809017, -0.309017, 0.5, 0.0, 0.0, 0.0, 0.0, 1.0 ], [ -0.809017, 0.309017, -0.5, 0.0, -0.309017, 0.5, 0.809017, 0.0, 0.5, 0.809017, -0.309017, 0.0, 0.0, 0.0, 0.0, 1.0 ], [ -0.809017, -0.309017, 0.5, 0.0, -0.309017, -0.5, -0.809017, 0.0, 0.5, -0.809017, 0.309017, 0.0, 0.0, 0.0, 0.0, 1.0 ], [ -0.5, 0.809017, -0.309017, 0.0, -0.809017, -0.309017, 0.5, 0.0, 0.309017, 0.5, 0.809017, 0.0, 0.0, 0.0, 0.0, 1.0 ], [ -0.309017, -0.5, -0.809017, 0.0, -0.5, 0.809017, -0.309017, 0.0, 0.809017, 0.309017, -0.5, 0.0, 0.0, 0.0, 0.0, 1.0 ], [ -1.0, 0.0, 0.0, 0.0, 0.0, 1.0, 0.0, 0.0, 0.0, 0.0, -1.0, 0.0, 0.0, 0.0, 0.0, 1.0 ], [ 0.0, 0.0, -1.0, 0.0, 1.0, 0.0, 0.0, 0.0, 0.0, -1.0, 0.0, 0.0, 0.0, 0.0, 0.0, 1.0 ], [ 0.0, -1.0, 0.0, 0.0, 0.0, 0.0, 1.0, 0.0, -1.0, 0.0, 0.0, 0.0, 0.0, 0.0, 0.0, 1.0 ], [ -0.809017, -0.309017, -0.5, 0.0, 0.309017, 0.5, -0.809017, 0.0, 0.5, -0.809017, -0.309017, 0.0, 0.0, 0.0, 0.0, 1.0 ], [ 0.5, -0.809017, -0.309017, 0.0, 0.809017, 0.309017, 0.5, 0.0, -0.309017, -0.5, 0.809017, 0.0, 0.0, 0.0, 0.0, 1.0 ], [ -0.309017, -0.5, 0.809017, 0.0, -0.5, 0.809017, 0.309017, 0.0, -0.809017, -0.309017, -0.5, 0.0, 0.0, 0.0, 0.0, 1.0 ], [ -0.5, -0.809017, -0.309017, 0.0, 0.809017, -0.309017, -0.5, 0.0, 0.309017, -0.5, 0.809017, 0.0, 0.0, 0.0, 0.0, 1.0 ], [ 0.309017, -0.5, 0.809017, 0.0, 0.5, 0.809017, 0.309017, 0.0, -0.809017, 0.309017, 0.5, 0.0, 0.0, 0.0, 0.0, 1.0 ], [ -0.809017, 0.309017, 0.5, 0.0, -0.309017, 0.5, -0.809017, 0.0, -0.5, -0.809017, -0.309017, 0.0, 0.0, 0.0, 0.0, 1.0 ], [ -0.5, -0.809017, 0.309017, 0.0, 0.809017, -0.309017, 0.5, 0.0, -0.309017, 0.5, 0.809017, 0.0, 0.0, 0.0, 0.0, 1.0 ], [ -0.309017, 0.5, 0.809017, 0.0, 0.5, 0.809017, -0.309017, 0.0, -0.809017, 0.309017, -0.5, 0.0, 0.0, 0.0, 0.0, 1.0 ], [ -0.809017, 0.309017, -0.5, 0.0, 0.309017, -0.5, -0.809017, 0.0, -0.5, -0.809017, 0.309017, 0.0, 0.0, 0.0, 0.0, 1.0 ], [ -0.809017, -0.309017, 0.5, 0.0, 0.309017, 0.5, 0.809017, 0.0, -0.5, 0.809017, -0.309017, 0.0, 0.0, 0.0, 0.0, 1.0 ], [ -0.5, 0.809017, -0.309017, 0.0, 0.809017, 0.309017, -0.5, 0.0, -0.309017, -0.5, -0.809017, 0.0, 0.0, 0.0, 0.0, 1.0 ], [ -0.309017, -0.5, -0.809017, 0.0, 0.5, -0.809017, 0.309017, 0.0, -0.809017, -0.309017, 0.5, 0.0, 0.0, 0.0, 0.0, 1.0 ] ],
  "lights" : {
    "ambientColor" : "#292929",
    "backgroundColor" : "#AFC8DC",
    "directionalLights" : [ {
      "direction" : [ 1.0, -1.0, -1.0 ],
      "color" : "#EBEBE4"
    }, {
      "direction" : [ -1.0, 0.0, 0.0 ],
      "color" : "#E4E4EB"
    }, {
      "direction" : [ 0.0, 0.0, -1.0 ],
      "color" : "#1E1E1E"
    } ]
  },
  "camera" : {
    "lookDirection" : {
      "x" : -0.25029132,
      "y" : 0.83033717,
      "z" : 0.49788198
    },
    "upDirection" : {
      "x" : -0.53671134,
      "y" : -0.5469959,
      "z" : 0.6424429
    },
    "lookAtPoint" : {
      "x" : 0.0,
      "y" : 0.0,
      "z" : 0.0
    },
    "viewDistance" : 214.62225,
    "nearClipDistance" : 0.53655607,
    "farClipDistance" : 429.24493,
    "fieldOfView" : 0.44262925,
    "perspective" : true,
    "width" : 96.58009,
    "stereo" : false,
    "position" : {
      "x" : 53.718086,
      "y" : -178.20883,
      "z" : -106.85655
    }
  },
  "embedding" : [ 1.0, 0.0, 0.0, 0.0, 0.0, 1.0, 0.0, 0.0, 0.0, 0.0, 1.0, 0.0, 0.0, 0.0, 0.0, 1.0 ],
  "shapes" : [ {
    "id" : "dbb94a32-8d00-45b1-864c-1605a9584abb",
    "vertices" : [ {
      "x" : 0.309017,
      "y" : -0.809017,
      "z" : 0.618034
    }, {
      "x" : 0.809017,
      "y" : -0.618034,
      "z" : 0.309017
    }, {
      "x" : 0.618034,
      "y" : -0.309017,
      "z" : 0.809017
    }, {
      "x" : 1.0,
      "y" : 0.309017,
      "z" : 0.19098301
    }, {
      "x" : 0.809017,
      "y" : 0.618034,
      "z" : 0.309017
    }, {
      "x" : 0.618034,
      "y" : 0.309017,
      "z" : 0.809017
    }, {
      "x" : 0.809017,
      "y" : 0.0,
      "z" : 0.690983
    }, {
      "x" : 0.19098301,
      "y" : -1.0,
      "z" : 0.309017
    }, {
      "x" : -0.19098301,
      "y" : -1.0,
      "z" : 0.309017
    }, {
      "x" : -0.19098301,
      "y" : -1.0,
      "z" : -0.309017
    }, {
      "x" : 0.19098301,
      "y" : -1.0,
      "z" : -0.309017
    }, {
      "x" : 1.0,
      "y" : -0.309017,
      "z" : -0.19098301
    }, {
      "x" : 0.809017,
      "y" : -0.618034,
      "z" : -0.309017
    }, {
      "x" : 0.618034,
      "y" : -0.309017,
      "z" : -0.809017
    }, {
      "x" : 0.809017,
      "y" : 0.0,
      "z" : -0.690983
    }, {
      "x" : 0.0,
      "y" : 0.690983,
      "z" : -0.809017
    }, {
      "x" : 0.309017,
      "y" : 0.809017,
      "z" : -0.618034
    }, {
      "x" : 0.618034,
      "y" : 0.309017,
      "z" : -0.809017
    }, {
      "x" : 0.309017,
      "y" : 0.19098301,
      "z" : -1.0
    }, {
      "x" : 1.0,
      "y" : 0.309017,
      "z" : -0.19098301
    }, {
      "x" : -0.309017,
      "y" : -0.809017,
      "z" : 0.618034
    }, {
      "x" : 0.0,
      "y" : -0.690983,
      "z" : 0.809017
    }, {
      "x" : 0.809017,
      "y" : 0.618034,
      "z" : -0.309017
    }, {
      "x" : 0.690983,
      "y" : 0.809017,
      "z" : 0.0
    }, {
      "x" : -0.690983,
      "y" : 0.809017,
      "z" : 0.0
    }, {
      "x" : -0.809017,
      "y" : 0.618034,
      "z" : 0.309017
    }, {
      "x" : -0.309017,
      "y" : 0.809017,
      "z" : 0.618034
    }, {
      "x" : -0.19098301,
      "y" : 1.0,
      "z" : 0.309017
    }, {
      "x" : 0.309017,
      "y" : -0.19098301,
      "z" : -1.0
    }, {
      "x" : 0.19098301,
      "y" : 1.0,
      "z" : 0.309017
    }, {
      "x" : 0.309017,
      "y" : 0.809017,
      "z" : 0.618034
    }, {
      "x" : -0.809017,
      "y" : -0.618034,
      "z" : 0.309017
    }, {
      "x" : -0.690983,
      "y" : -0.809017,
      "z" : 0.0
    }, {
      "x" : 0.0,
      "y" : 0.690983,
      "z" : 0.809017
    }, {
      "x" : 0.309017,
      "y" : -0.809017,
      "z" : -0.618034
    }, {
      "x" : 0.0,
      "y" : -0.690983,
      "z" : -0.809017
    }, {
      "x" : -1.0,
      "y" : 0.309017,
      "z" : 0.19098301
    }, {
      "x" : -0.809017,
      "y" : 0.0,
      "z" : 0.690983
    }, {
      "x" : -0.618034,
      "y" : 0.309017,
      "z" : 0.809017
    }, {
      "x" : 1.0,
      "y" : -0.309017,
      "z" : 0.19098301
    }, {
      "x" : -0.309017,
      "y" : -0.809017,
      "z" : -0.618034
    }, {
      "x" : -1.0,
      "y" : 0.309017,
      "z" : -0.19098301
    }, {
      "x" : -1.0,
      "y" : -0.309017,
      "z" : -0.19098301
    }, {
      "x" : -1.0,
      "y" : -0.309017,
      "z" : 0.19098301
    }, {
      "x" : 0.19098301,
      "y" : 1.0,
      "z" : -0.309017
    }, {
      "x" : -0.809017,
      "y" : 0.618034,
      "z" : -0.309017
    }, {
      "x" : -0.19098301,
      "y" : 1.0,
      "z" : -0.309017
    }, {
      "x" : -0.309017,
      "y" : 0.809017,
      "z" : -0.618034
    }, {
      "x" : -0.618034,
      "y" : -0.309017,
      "z" : 0.809017
    }, {
      "x" : 0.309017,
      "y" : 0.19098301,
      "z" : 1.0
    }, {
      "x" : -0.309017,
      "y" : 0.19098301,
      "z" : -1.0
    }, {
      "x" : -0.309017,
      "y" : 0.19098301,
      "z" : 1.0
    }, {
      "x" : -0.309017,
      "y" : -0.19098301,
      "z" : 1.0
    }, {
      "x" : 0.309017,
      "y" : -0.19098301,
      "z" : 1.0
    }, {
      "x" : 0.690983,
      "y" : -0.809017,
      "z" : 0.0
    }, {
      "x" : -0.809017,
      "y" : 0.0,
      "z" : -0.690983
    }, {
      "x" : -0.618034,
      "y" : -0.309017,
      "z" : -0.809017
    }, {
      "x" : -0.309017,
      "y" : -0.19098301,
      "z" : -1.0
    }, {
      "x" : -0.618034,
      "y" : 0.309017,
      "z" : -0.809017
    }, {
      "x" : -0.809017,
      "y" : -0.618034,
      "z" : -0.309017
    } ],
    "faces" : [ {
      "vertices" : [ 9, 40, 35 ]
    }, {
      "vertices" : [ 9, 35, 34 ]
    }, {
      "vertices" : [ 9, 34, 10 ]
    }, {
      "vertices" : [ 0, 1, 2 ]
    }, {
      "vertices" : [ 33, 51, 49 ]
    }, {
      "vertices" : [ 25, 36, 37 ]
    }, {
      "vertices" : [ 25, 37, 38 ]
    }, {
      "vertices" : [ 41, 55, 42 ]
    }, {
      "vertices" : [ 9, 32, 59 ]
    }, {
      "vertices" : [ 9, 59, 40 ]
    }, {
      "vertices" : [ 20, 21, 52 ]
    }, {
      "vertices" : [ 20, 52, 48 ]
    }, {
      "vertices" : [ 26, 33, 30 ]
    }, {
      "vertices" : [ 26, 30, 29 ]
    }, {
      "vertices" : [ 26, 29, 27 ]
    }, {
      "vertices" : [ 3, 4, 5 ]
    }, {
      "vertices" : [ 3, 5, 6 ]
    }, {
      "vertices" : [ 27, 29, 44 ]
    }, {
      "vertices" : [ 27, 44, 46 ]
    }, {
      "vertices" : [ 50, 57, 56 ]
    }, {
      "vertices" : [ 50, 56, 55 ]
    }, {
      "vertices" : [ 50, 55, 58 ]
    }, {
      "vertices" : [ 26, 38, 51 ]
    }, {
      "vertices" : [ 26, 51, 33 ]
    }, {
      "vertices" : [ 45, 47, 58 ]
    }, {
      "vertices" : [ 18, 28, 57 ]
    }, {
      "vertices" : [ 18, 57, 50 ]
    }, {
      "vertices" : [ 40, 59, 56 ]
    }, {
      "vertices" : [ 31, 48, 37 ]
    }, {
      "vertices" : [ 31, 37, 43 ]
    }, {
      "vertices" : [ 7, 8, 9 ]
    }, {
      "vertices" : [ 7, 9, 10 ]
    }, {
      "vertices" : [ 36, 41, 42 ]
    }, {
      "vertices" : [ 36, 42, 43 ]
    }, {
      "vertices" : [ 24, 46, 47 ]
    }, {
      "vertices" : [ 24, 47, 45 ]
    }, {
      "vertices" : [ 4, 30, 5 ]
    }, {
      "vertices" : [ 15, 47, 46 ]
    }, {
      "vertices" : [ 15, 46, 44 ]
    }, {
      "vertices" : [ 15, 44, 16 ]
    }, {
      "vertices" : [ 15, 50, 58 ]
    }, {
      "vertices" : [ 15, 58, 47 ]
    }, {
      "vertices" : [ 24, 45, 41 ]
    }, {
      "vertices" : [ 24, 41, 36 ]
    }, {
      "vertices" : [ 24, 36, 25 ]
    }, {
      "vertices" : [ 11, 14, 19 ]
    }, {
      "vertices" : [ 3, 6, 39 ]
    }, {
      "vertices" : [ 1, 39, 6 ]
    }, {
      "vertices" : [ 1, 6, 2 ]
    }, {
      "vertices" : [ 8, 32, 9 ]
    }, {
      "vertices" : [ 11, 12, 13 ]
    }, {
      "vertices" : [ 11, 13, 14 ]
    }, {
      "vertices" : [ 16, 22, 17 ]
    }, {
      "vertices" : [ 0, 21, 20 ]
    }, {
      "vertices" : [ 0, 20, 8 ]
    }, {
      "vertices" : [ 0, 8, 7 ]
    }, {
      "vertices" : [ 12, 34, 13 ]
    }, {
      "vertices" : [ 35, 40, 56 ]
    }, {
      "vertices" : [ 35, 56, 57 ]
    }, {
      "vertices" : [ 0, 7, 54 ]
    }, {
      "vertices" : [ 0, 54, 1 ]
    }, {
      "vertices" : [ 15, 16, 17 ]
    }, {
      "vertices" : [ 15, 17, 18 ]
    }, {
      "vertices" : [ 3, 19, 22 ]
    }, {
      "vertices" : [ 3, 22, 23 ]
    }, {
      "vertices" : [ 3, 23, 4 ]
    }, {
      "vertices" : [ 7, 10, 54 ]
    }, {
      "vertices" : [ 41, 45, 58 ]
    }, {
      "vertices" : [ 41, 58, 55 ]
    }, {
      "vertices" : [ 3, 39, 11 ]
    }, {
      "vertices" : [ 3, 11, 19 ]
    }, {
      "vertices" : [ 14, 17, 22 ]
    }, {
      "vertices" : [ 14, 22, 19 ]
    }, {
      "vertices" : [ 0, 2, 53 ]
    }, {
      "vertices" : [ 0, 53, 21 ]
    }, {
      "vertices" : [ 49, 51, 52 ]
    }, {
      "vertices" : [ 49, 52, 53 ]
    }, {
      "vertices" : [ 31, 43, 42 ]
    }, {
      "vertices" : [ 31, 42, 59 ]
    }, {
      "vertices" : [ 31, 59, 32 ]
    }, {
      "vertices" : [ 15, 18, 50 ]
    }, {
      "vertices" : [ 42, 55, 56 ]
    }, {
      "vertices" : [ 42, 56, 59 ]
    }, {
      "vertices" : [ 4, 23, 29 ]
    }, {
      "vertices" : [ 4, 29, 30 ]
    }, {
      "vertices" : [ 25, 38, 26 ]
    }, {
      "vertices" : [ 13, 28, 18 ]
    }, {
      "vertices" : [ 13, 18, 17 ]
    }, {
      "vertices" : [ 13, 17, 14 ]
    }, {
      "vertices" : [ 8, 20, 31 ]
    }, {
      "vertices" : [ 8, 31, 32 ]
    }, {
      "vertices" : [ 23, 44, 29 ]
    }, {
      "vertices" : [ 24, 27, 46 ]
    }, {
      "vertices" : [ 37, 48, 52 ]
    }, {
      "vertices" : [ 37, 52, 51 ]
    }, {
      "vertices" : [ 37, 51, 38 ]
    }, {
      "vertices" : [ 20, 48, 31 ]
    }, {
      "vertices" : [ 24, 25, 26 ]
    }, {
      "vertices" : [ 24, 26, 27 ]
    }, {
      "vertices" : [ 16, 44, 23 ]
    }, {
      "vertices" : [ 16, 23, 22 ]
    }, {
      "vertices" : [ 13, 34, 35 ]
    }, {
      "vertices" : [ 13, 35, 28 ]
    }, {
      "vertices" : [ 10, 34, 12 ]
    }, {
      "vertices" : [ 10, 12, 54 ]
    }, {
      "vertices" : [ 2, 6, 5 ]
    }, {
      "vertices" : [ 2, 5, 49 ]
    }, {
      "vertices" : [ 2, 49, 53 ]
    }, {
      "vertices" : [ 36, 43, 37 ]
    }, {
      "vertices" : [ 5, 30, 33 ]
    }, {
      "vertices" : [ 5, 33, 49 ]
    }, {
      "vertices" : [ 1, 54, 12 ]
    }, {
      "vertices" : [ 1, 12, 11 ]
    }, {
      "vertices" : [ 1, 11, 39 ]
    }, {
      "vertices" : [ 28, 35, 57 ]
    }, {
      "vertices" : [ 21, 53, 52 ]
    } ]
  }, {
    "id" : "1d1280c7-c03d-4cfc-aeb4-9c6f0c97ea22",
    "vertices" : [ {
      "x" : 18.356295,
      "y" : 0.309017,
      "z" : 0.19098301
    }, {
      "x" : 18.356295,
      "y" : 0.309017,
      "z" : -0.19098301
    }, {
      "x" : 1.0,
      "y" : 0.309017,
      "z" : -0.19098301
    }, {
      "x" : 1.0,
      "y" : 0.309017,
      "z" : 0.19098301
    }, {
      "x" : 18.356295,
      "y" : -0.309017,
      "z" : 0.19098301
    }, {
      "x" : 1.0,
      "y" : -0.309017,
      "z" : 0.19098301
    }, {
      "x" : 1.0,
      "y" : -0.309017,
      "z" : -0.19098301
    }, {
      "x" : 18.356295,
      "y" : -0.309017,
      "z" : -0.19098301
    }, {
      "x" : 19.356295,
      "y" : 0.0,
      "z" : 0.0
    } ],
    "faces" : [ {
      "vertices" : [ 1, 7, 6 ]
    }, {
      "vertices" : [ 1, 6, 2 ]
    }, {
      "vertices" : [ 0, 1, 2 ]
    }, {
      "vertices" : [ 0, 2, 3 ]
    }, {
      "vertices" : [ 4, 5, 6 ]
    }, {
      "vertices" : [ 4, 6, 7 ]
    }, {
      "vertices" : [ 0, 3, 5 ]
    }, {
      "vertices" : [ 0, 5, 4 ]
    } ]
  }, {
    "id" : "2ec5e190-1c19-47b4-a6f5-136d84078d29",
    "vertices" : [ {
      "x" : 39.283764,
      "y" : 14.814079,
      "z" : -5.8494577
    }, {
      "x" : 40.306305,
      "y" : 14.850554,
      "z" : -5.981424
    }, {
      "x" : 39.283764,
      "y" : 14.814079,
      "z" : -5.467492
    }, {
      "x" : 39.09278,
      "y" : 15.123096,
      "z" : -5.967492
    }, {
      "x" : 39.09278,
      "y" : 15.123096,
      "z" : -5.585526
    }, {
      "x" : 0.809017,
      "y" : 0.618034,
      "z" : 0.309017
    }, {
      "x" : 1.0,
      "y" : 0.309017,
      "z" : 0.19098301
    }, {
      "x" : 1.9045085,
      "y" : 0.5364745,
      "z" : -0.013932022
    }, {
      "x" : 39.99729,
      "y" : 15.350554,
      "z" : -6.172407
    }, {
      "x" : 40.188274,
      "y" : 15.041537,
      "z" : -6.290441
    }, {
      "x" : 40.188274,
      "y" : 15.041537,
      "z" : -5.672407
    }, {
      "x" : 39.99729,
      "y" : 15.350554,
      "z" : -5.790441
    }, {
      "x" : 1.7135255,
      "y" : 0.8454915,
      "z" : -0.13196601
    }, {
      "x" : 0.690983,
      "y" : 0.809017,
      "z" : 0.0
    }, {
      "x" : 1.9045085,
      "y" : 0.5364745,
      "z" : -0.39589804
    }, {
      "x" : 1.7135255,
      "y" : 0.8454915,
      "z" : -0.51393205
    }, {
      "x" : 0.809017,
      "y" : 0.618034,
      "z" : -0.309017
    }, {
      "x" : 1.0,
      "y" : 0.309017,
      "z" : -0.19098301
    }, {
      "x" : 40.99729,
      "y" : 15.659572,
      "z" : -5.981424
    } ],
    "faces" : [ {
      "vertices" : [ 0, 14, 15 ]
    }, {
      "vertices" : [ 0, 15, 3 ]
    }, {
      "vertices" : [ 3, 15, 12 ]
    }, {
      "vertices" : [ 3, 12, 4 ]
    }, {
      "vertices" : [ 0, 1, 2 ]
    }, {
      "vertices" : [ 12, 15, 13 ]
    }, {
      "vertices" : [ 0, 9, 1 ]
    }, {
      "vertices" : [ 0, 3, 9 ]
    }, {
      "vertices" : [ 13, 15, 16 ]
    }, {
      "vertices" : [ 6, 17, 14 ]
    }, {
      "vertices" : [ 6, 14, 7 ]
    }, {
      "vertices" : [ 1, 10, 2 ]
    }, {
      "vertices" : [ 5, 6, 7 ]
    }, {
      "vertices" : [ 3, 8, 9 ]
    }, {
      "vertices" : [ 0, 2, 7 ]
    }, {
      "vertices" : [ 0, 7, 14 ]
    }, {
      "vertices" : [ 5, 7, 12 ]
    }, {
      "vertices" : [ 2, 4, 12 ]
    }, {
      "vertices" : [ 2, 12, 7 ]
    }, {
      "vertices" : [ 3, 4, 11 ]
    }, {
      "vertices" : [ 3, 11, 8 ]
    }, {
      "vertices" : [ 2, 10, 11 ]
    }, {
      "vertices" : [ 2, 11, 4 ]
    }, {
      "vertices" : [ 5, 12, 13 ]
    }, {
      "vertices" : [ 14, 17, 16 ]
    }, {
      "vertices" : [ 14, 16, 15 ]
    } ]
  }, {
    "id" : "9e78361c-ecc9-4938-aaa0-f457430669c5",
    "vertices" : [ {
      "x" : 18.78512,
      "y" : 6.984294,
      "z" : -2.858746
    }, {
      "x" : 19.807661,
      "y" : 7.0207686,
      "z" : -2.990712
    }, {
      "x" : 18.78512,
      "y" : 6.984294,
      "z" : -2.47678
    }, {
      "x" : 18.594137,
      "y" : 7.293311,
      "z" : -2.97678
    }, {
      "x" : 18.594137,
      "y" : 7.293311,
      "z" : -2.594814
    }, {
      "x" : 0.809017,
      "y" : 0.618034,
      "z" : 0.309017
    }, {
      "x" : 1.0,
      "y" : 0.309017,
      "z" : 0.19098301
    }, {
      "x" : 1.9045085,
      "y" : 0.5364745,
      "z" : -0.013932022
    }, {
      "x" : 19.498646,
      "y" : 7.5207686,
      "z" : -3.181695
    }, {
      "x" : 19.689629,
      "y" : 7.2117515,
      "z" : -3.2997289
    }, {
      "x" : 19.689629,
      "y" : 7.2117515,
      "z" : -2.681695
    }, {
      "x" : 19.498646,
      "y" : 7.5207686,
      "z" : -2.7997289
    }, {
      "x" : 1.7135255,
      "y" : 0.8454915,
      "z" : -0.13196601
    }, {
      "x" : 0.690983,
      "y" : 0.809017,
      "z" : 0.0
    }, {
      "x" : 1.9045085,
      "y" : 0.5364745,
      "z" : -0.39589804
    }, {
      "x" : 1.7135255,
      "y" : 0.8454915,
      "z" : -0.51393205
    }, {
      "x" : 0.809017,
      "y" : 0.618034,
      "z" : -0.309017
    }, {
      "x" : 1.0,
      "y" : 0.309017,
      "z" : -0.19098301
    }, {
      "x" : 20.498646,
      "y" : 7.829786,
      "z" : -2.990712
    } ],
    "faces" : [ {
      "vertices" : [ 0, 14, 15 ]
    }, {
      "vertices" : [ 0, 15, 3 ]
    }, {
      "vertices" : [ 3, 15, 12 ]
    }, {
      "vertices" : [ 3, 12, 4 ]
    }, {
      "vertices" : [ 0, 1, 2 ]
    }, {
      "vertices" : [ 12, 15, 13 ]
    }, {
      "vertices" : [ 0, 9, 1 ]
    }, {
      "vertices" : [ 0, 3, 9 ]
    }, {
      "vertices" : [ 13, 15, 16 ]
    }, {
      "vertices" : [ 6, 17, 14 ]
    }, {
      "vertices" : [ 6, 14, 7 ]
    }, {
      "vertices" : [ 1, 10, 2 ]
    }, {
      "vertices" : [ 5, 6, 7 ]
    }, {
      "vertices" : [ 3, 8, 9 ]
    }, {
      "vertices" : [ 0, 2, 7 ]
    }, {
      "vertices" : [ 0, 7, 14 ]
    }, {
      "vertices" : [ 5, 7, 12 ]
    }, {
      "vertices" : [ 2, 4, 12 ]
    }, {
      "vertices" : [ 2, 12, 7 ]
    }, {
      "vertices" : [ 3, 4, 11 ]
    }, {
      "vertices" : [ 3, 11, 8 ]
    }, {
      "vertices" : [ 2, 10, 11 ]
    }, {
      "vertices" : [ 2, 11, 4 ]
    }, {
      "vertices" : [ 5, 12, 13 ]
    }, {
      "vertices" : [ 14, 17, 16 ]
    }, {
      "vertices" : [ 14, 16, 15 ]
    } ]
  }, {
    "id" : "6b72c6e6-9f4e-43f0-ab20-680055c4b94f",
    "vertices" : [ {
      "x" : 30.319143,
      "y" : 0.309017,
      "z" : 0.19098301
    }, {
      "x" : 30.319143,
      "y" : 0.309017,
      "z" : -0.19098301
    }, {
      "x" : 1.0,
      "y" : 0.309017,
      "z" : -0.19098301
    }, {
      "x" : 1.0,
      "y" : 0.309017,
      "z" : 0.19098301
    }, {
      "x" : 30.319143,
      "y" : -0.309017,
      "z" : 0.19098301
    }, {
      "x" : 1.0,
      "y" : -0.309017,
      "z" : 0.19098301
    }, {
      "x" : 1.0,
      "y" : -0.309017,
      "z" : -0.19098301
    }, {
      "x" : 30.319143,
      "y" : -0.309017,
      "z" : -0.19098301
    }, {
      "x" : 31.319143,
      "y" : 0.0,
      "z" : 0.0
    } ],
    "faces" : [ {
      "vertices" : [ 1, 7, 6 ]
    }, {
      "vertices" : [ 1, 6, 2 ]
    }, {
      "vertices" : [ 0, 1, 2 ]
    }, {
      "vertices" : [ 0, 2, 3 ]
    }, {
      "vertices" : [ 4, 5, 6 ]
    }, {
      "vertices" : [ 4, 6, 7 ]
    }, {
      "vertices" : [ 0, 3, 5 ]
    }, {
      "vertices" : [ 0, 5, 4 ]
    } ]
  }, {
    "id" : "781a8732-c557-4b37-9040-8527014e6c95",
    "vertices" : [ {
      "x" : 9.376644,
      "y" : 3.3905764,
      "z" : -1.486068
    }, {
      "x" : 10.399187,
      "y" : 3.427051,
      "z" : -1.618034
    }, {
      "x" : 9.376644,
      "y" : 3.3905764,
      "z" : -1.104102
    }, {
      "x" : 9.185661,
      "y" : 3.6995935,
      "z" : -1.604102
    }, {
      "x" : 9.185661,
      "y" : 3.6995935,
      "z" : -1.2221359
    }, {
      "x" : 0.809017,
      "y" : 0.618034,
      "z" : 0.309017
    }, {
      "x" : 1.0,
      "y" : 0.309017,
      "z" : 0.19098301
    }, {
      "x" : 1.9045085,
      "y" : 0.5364745,
      "z" : -0.013932022
    }, {
      "x" : 10.09017,
      "y" : 3.927051,
      "z" : -1.809017
    }, {
      "x" : 10.281153,
      "y" : 3.618034,
      "z" : -1.927051
    }, {
      "x" : 10.281153,
      "y" : 3.618034,
      "z" : -1.309017
    }, {
      "x" : 10.09017,
      "y" : 3.927051,
      "z" : -1.427051
    }, {
      "x" : 1.7135255,
      "y" : 0.8454915,
      "z" : -0.13196601
    }, {
      "x" : 0.690983,
      "y" : 0.809017,
      "z" : 0.0
    }, {
      "x" : 1.9045085,
      "y" : 0.5364745,
      "z" : -0.39589804
    }, {
      "x" : 1.7135255,
      "y" : 0.8454915,
      "z" : -0.51393205
    }, {
      "x" : 0.809017,
      "y" : 0.618034,
      "z" : -0.309017
    }, {
      "x" : 1.0,
      "y" : 0.309017,
      "z" : -0.19098301
    }, {
      "x" : 11.09017,
      "y" : 4.236068,
      "z" : -1.618034
    } ],
    "faces" : [ {
      "vertices" : [ 0, 14, 15 ]
    }, {
      "vertices" : [ 0, 15, 3 ]
    }, {
      "vertices" : [ 3, 15, 12 ]
    }, {
      "vertices" : [ 3, 12, 4 ]
    }, {
      "vertices" : [ 0, 1, 2 ]
    }, {
      "vertices" : [ 12, 15, 13 ]
    }, {
      "vertices" : [ 0, 9, 1 ]
    }, {
      "vertices" : [ 0, 3, 9 ]
    }, {
      "vertices" : [ 13, 15, 16 ]
    }, {
      "vertices" : [ 6, 17, 14 ]
    }, {
      "vertices" : [ 6, 14, 7 ]
    }, {
      "vertices" : [ 1, 10, 2 ]
    }, {
      "vertices" : [ 5, 6, 7 ]
    }, {
      "vertices" : [ 3, 8, 9 ]
    }, {
      "vertices" : [ 0, 2, 7 ]
    }, {
      "vertices" : [ 0, 7, 14 ]
    }, {
      "vertices" : [ 5, 7, 12 ]
    }, {
      "vertices" : [ 2, 4, 12 ]
    }, {
      "vertices" : [ 2, 12, 7 ]
    }, {
      "vertices" : [ 3, 4, 11 ]
    }, {
      "vertices" : [ 3, 11, 8 ]
    }, {
      "vertices" : [ 2, 10, 11 ]
    }, {
      "vertices" : [ 2, 11, 4 ]
    }, {
      "vertices" : [ 5, 12, 13 ]
    }, {
      "vertices" : [ 14, 17, 16 ]
    }, {
      "vertices" : [ 14, 16, 15 ]
    } ]
  }, {
    "id" : "7499a3fa-d66b-440a-97bc-156e2c9cea08",
    "vertices" : [ {
      "x" : 21.18034,
      "y" : 0.309017,
      "z" : 0.19098301
    }, {
      "x" : 21.18034,
      "y" : 0.309017,
      "z" : -0.19098301
    }, {
      "x" : 1.0,
      "y" : 0.309017,
      "z" : -0.19098301
    }, {
      "x" : 1.0,
      "y" : 0.309017,
      "z" : 0.19098301
    }, {
      "x" : 21.18034,
      "y" : -0.309017,
      "z" : 0.19098301
    }, {
      "x" : 1.0,
      "y" : -0.309017,
      "z" : 0.19098301
    }, {
      "x" : 1.0,
      "y" : -0.309017,
      "z" : -0.19098301
    }, {
      "x" : 21.18034,
      "y" : -0.309017,
      "z" : -0.19098301
    }, {
      "x" : 22.18034,
      "y" : 0.0,
      "z" : 0.0
    } ],
    "faces" : [ {
      "vertices" : [ 1, 7, 6 ]
    }, {
      "vertices" : [ 1, 6, 2 ]
    }, {
      "vertices" : [ 0, 1, 2 ]
    }, {
      "vertices" : [ 0, 2, 3 ]
    }, {
      "vertices" : [ 4, 5, 6 ]
    }, {
      "vertices" : [ 4, 6, 7 ]
    }, {
      "vertices" : [ 0, 3, 5 ]
    }, {
      "vertices" : [ 0, 5, 4 ]
    } ]
  } ],
  "instances" : [ {
    "shape" : "dbb94a32-8d00-45b1-864c-1605a9584abb",
    "color" : "#FFFFFF",
    "position" : {
      "x" : 25.337719,
      "y" : 0.0,
      "z" : 9.678147
    }
  }, {
    "shape" : "1d1280c7-c03d-4cfc-aeb4-9c6f0c97ea22",
    "color" : "#CCCCCC",
    "position" : {
      "x" : 0.0,
      "y" : 9.678147,
      "z" : 25.337719
    },
    "orientation" : 56
  }, {
    "shape" : "2ec5e190-1c19-47b4-a6f5-136d84078d29",
    "color" : "#FF3333",
    "position" : {
      "x" : 15.659572,
      "y" : 15.659572,
      "z" : -15.659572
    },
    "orientation" : 37
  }, {
    "shape" : "dbb94a32-8d00-45b1-864c-1605a9584abb",
    "color" : "#FFFFFF",
    "position" : {
      "x" : -9.678147,
      "y" : -25.337719,
      "z" : 0.0
    }
  }, {
    "shape" : "9e78361c-ecc9-4938-aaa0-f457430669c5",
    "color" : "#FFFF00",
    "position" : {
      "x" : 0.0,
      "y" : 0.0,
      "z" : -15.659572
    },
    "orientation" : 37
  }, {
    "shape" : "1d1280c7-c03d-4cfc-aeb4-9c6f0c97ea22",
    "color" : "#CCCCCC",
    "position" : {
      "x" : 25.337719,
      "y" : 0.0,
      "z" : 9.678147
    },
    "orientation" : 39
  }, {
    "shape" : "9e78361c-ecc9-4938-aaa0-f457430669c5",
    "color" : "#FFFF00",
    "position" : {
      "x" : -15.659572,
      "y" : 0.0,
      "z" : 0.0
    },
    "orientation" : 6
  }, {
    "shape" : "1d1280c7-c03d-4cfc-aeb4-9c6f0c97ea22",
    "color" : "#CCCCCC",
    "position" : {
      "x" : 15.659572,
      "y" : -15.659572,
      "z" : 15.659572
    },
    "orientation" : 38
  }, {
    "shape" : "9e78361c-ecc9-4938-aaa0-f457430669c5",
    "color" : "#FFFF00",
    "position" : {
      "x" : 0.0,
      "y" : 0.0,
      "z" : -15.659572
    },
    "orientation" : 8
  }, {
    "shape" : "dbb94a32-8d00-45b1-864c-1605a9584abb",
    "color" : "#FFFFFF",
    "position" : {
      "x" : -15.659572,
      "y" : -15.659572,
      "z" : 15.659572
    }
  }, {
    "shape" : "1d1280c7-c03d-4cfc-aeb4-9c6f0c97ea22",
    "color" : "#CCCCCC",
    "position" : {
      "x" : -15.659572,
      "y" : 15.659572,
      "z" : -15.659572
    },
    "orientation" : 26
  }, {
    "shape" : "9e78361c-ecc9-4938-aaa0-f457430669c5",
    "color" : "#FFFF00",
    "position" : {
      "x" : 0.0,
      "y" : 0.0,
      "z" : 15.659572
    },
    "orientation" : 23
  }, {
    "shape" : "6b72c6e6-9f4e-43f0-ab20-680055c4b94f",
    "color" : "#009900",
    "position" : {
      "x" : 15.659572,
      "y" : 15.659572,
      "z" : -15.659572
    },
    "orientation" : 2
  }, {
    "shape" : "dbb94a32-8d00-45b1-864c-1605a9584abb",
    "color" : "#FFFFFF",
    "position" : {
      "x" : -25.337719,
      "y" : 0.0,
      "z" : -9.678147
    }
  }, {
    "shape" : "6b72c6e6-9f4e-43f0-ab20-680055c4b94f",
    "color" : "#009900",
    "position" : {
      "x" : 15.659572,
      "y" : -15.659572,
      "z" : 15.659572
    },
    "orientation" : 47
  }, {
    "shape" : "dbb94a32-8d00-45b1-864c-1605a9584abb",
    "color" : "#FFFFFF",
    "position" : {
      "x" : -15.659572,
      "y" : 15.659572,
      "z" : -15.659572
    }
  }, {
    "shape" : "dbb94a32-8d00-45b1-864c-1605a9584abb",
    "color" : "#FFFFFF",
    "position" : {
      "x" : 0.0,
      "y" : 9.678147,
      "z" : -25.337719
    }
  }, {
    "shape" : "2ec5e190-1c19-47b4-a6f5-136d84078d29",
    "color" : "#FF3333",
    "position" : {
      "x" : 15.659572,
      "y" : -15.659572,
      "z" : 15.659572
    },
    "orientation" : 51
  }, {
    "shape" : "dbb94a32-8d00-45b1-864c-1605a9584abb",
    "color" : "#FFFFFF",
    "position" : {
      "x" : -15.659572,
      "y" : -15.659572,
      "z" : -15.659572
    }
  }, {
    "shape" : "6b72c6e6-9f4e-43f0-ab20-680055c4b94f",
    "color" : "#009900",
    "position" : {
      "x" : -15.659572,
      "y" : -15.659572,
      "z" : -15.659572
    },
    "orientation" : 0
  }, {
    "shape" : "9e78361c-ecc9-4938-aaa0-f457430669c5",
    "color" : "#FFFF00",
    "position" : {
      "x" : 0.0,
      "y" : 0.0,
      "z" : 15.659572
    },
    "orientation" : 52
  }, {
    "shape" : "6b72c6e6-9f4e-43f0-ab20-680055c4b94f",
    "color" : "#009900",
    "position" : {
      "x" : -15.659572,
      "y" : -15.659572,
      "z" : 15.659572
    },
    "orientation" : 1
  }, {
    "shape" : "1d1280c7-c03d-4cfc-aeb4-9c6f0c97ea22",
    "color" : "#CCCCCC",
    "position" : {
      "x" : 0.0,
      "y" : -9.678147,
      "z" : 25.337719
    },
    "orientation" : 1
  }, {
    "shape" : "dbb94a32-8d00-45b1-864c-1605a9584abb",
    "color" : "#FFFFFF",
    "position" : {
      "x" : 0.0,
      "y" : -15.659572,
      "z" : 0.0
    }
  }, {
    "shape" : "9e78361c-ecc9-4938-aaa0-f457430669c5",
    "color" : "#FFFF00",
    "position" : {
      "x" : -15.659572,
      "y" : 0.0,
      "z" : 0.0
    },
    "orientation" : 8
  }, {
    "shape" : "2ec5e190-1c19-47b4-a6f5-136d84078d29",
    "color" : "#FF3333",
    "position" : {
      "x" : -15.659572,
      "y" : 15.659572,
      "z" : 15.659572
    },
    "orientation" : 23
  }, {
    "shape" : "1d1280c7-c03d-4cfc-aeb4-9c6f0c97ea22",
    "color" : "#CCCCCC",
    "position" : {
      "x" : -15.659572,
      "y" : 15.659572,
      "z" : -15.659572
    },
    "orientation" : 39
  }, {
    "shape" : "1d1280c7-c03d-4cfc-aeb4-9c6f0c97ea22",
    "color" : "#CCCCCC",
    "position" : {
      "x" : -25.337719,
      "y" : 0.0,
      "z" : 9.678147
    },
    "orientation" : 47
  }, {
    "shape" : "1d1280c7-c03d-4cfc-aeb4-9c6f0c97ea22",
    "color" : "#CCCCCC",
    "position" : {
      "x" : -15.659572,
      "y" : -15.659572,
      "z" : 15.659572
    },
    "orientation" : 54
  }, {
    "shape" : "9e78361c-ecc9-4938-aaa0-f457430669c5",
    "color" : "#FFFF00",
    "position" : {
      "x" : 0.0,
      "y" : -15.659572,
      "z" : 0.0
    },
    "orientation" : 7
  }, {
    "shape" : "dbb94a32-8d00-45b1-864c-1605a9584abb",
    "color" : "#FFFFFF",
    "position" : {
      "x" : -25.337719,
      "y" : 0.0,
      "z" : 9.678147
    }
  }, {
    "shape" : "dbb94a32-8d00-45b1-864c-1605a9584abb",
    "color" : "#FFFFFF",
    "position" : {
      "x" : -9.678147,
      "y" : 25.337719,
      "z" : 0.0
    }
  }, {
    "shape" : "1d1280c7-c03d-4cfc-aeb4-9c6f0c97ea22",
    "color" : "#CCCCCC",
    "position" : {
      "x" : -15.659572,
      "y" : -15.659572,
      "z" : -15.659572
    },
    "orientation" : 51
  }, {
    "shape" : "9e78361c-ecc9-4938-aaa0-f457430669c5",
    "color" : "#FFFF00",
    "position" : {
      "x" : 0.0,
      "y" : 15.659572,
      "z" : 0.0
    },
    "orientation" : 22
  }, {
    "shape" : "6b72c6e6-9f4e-43f0-ab20-680055c4b94f",
    "color" : "#009900",
    "position" : {
      "x" : 15.659572,
      "y" : 15.659572,
      "z" : 15.659572
    },
    "orientation" : 16
  }, {
    "shape" : "1d1280c7-c03d-4cfc-aeb4-9c6f0c97ea22",
    "color" : "#CCCCCC",
    "position" : {
      "x" : -9.678147,
      "y" : 25.337719,
      "z" : 0.0
    },
    "orientation" : 22
  }, {
    "shape" : "1d1280c7-c03d-4cfc-aeb4-9c6f0c97ea22",
    "color" : "#CCCCCC",
    "position" : {
      "x" : 25.337719,
      "y" : 0.0,
      "z" : -9.678147
    },
    "orientation" : 36
  }, {
    "shape" : "9e78361c-ecc9-4938-aaa0-f457430669c5",
    "color" : "#FFFF00",
    "position" : {
      "x" : -15.659572,
      "y" : 0.0,
      "z" : 0.0
    },
    "orientation" : 21
  }, {
    "shape" : "1d1280c7-c03d-4cfc-aeb4-9c6f0c97ea22",
    "color" : "#CCCCCC",
    "position" : {
      "x" : 9.678147,
      "y" : -25.337719,
      "z" : 0.0
    },
    "orientation" : 45
  }, {
    "shape" : "9e78361c-ecc9-4938-aaa0-f457430669c5",
    "color" : "#FFFF00",
    "position" : {
      "x" : -15.659572,
      "y" : 0.0,
      "z" : 0.0
    },
    "orientation" : 23
  }, {
    "shape" : "dbb94a32-8d00-45b1-864c-1605a9584abb",
    "color" : "#FFFFFF",
    "position" : {
      "x" : 0.0,
      "y" : 15.659572,
      "z" : 0.0
    }
  }, {
    "shape" : "dbb94a32-8d00-45b1-864c-1605a9584abb",
    "color" : "#FFFFFF",
    "position" : {
      "x" : 0.0,
      "y" : -9.678147,
      "z" : -25.337719
    }
  }, {
    "shape" : "1d1280c7-c03d-4cfc-aeb4-9c6f0c97ea22",
    "color" : "#CCCCCC",
    "position" : {
      "x" : 25.337719,
      "y" : 0.0,
      "z" : 9.678147
    },
    "orientation" : 47
  }, {
    "shape" : "1d1280c7-c03d-4cfc-aeb4-9c6f0c97ea22",
    "color" : "#CCCCCC",
    "position" : {
      "x" : 15.659572,
      "y" : 15.659572,
      "z" : -15.659572
    },
    "orientation" : 53
  }, {
    "shape" : "1d1280c7-c03d-4cfc-aeb4-9c6f0c97ea22",
    "color" : "#CCCCCC",
    "position" : {
      "x" : 9.678147,
      "y" : 25.337719,
      "z" : 0.0
    },
    "orientation" : 25
  }, {
    "shape" : "1d1280c7-c03d-4cfc-aeb4-9c6f0c97ea22",
    "color" : "#CCCCCC",
    "position" : {
      "x" : -15.659572,
      "y" : -15.659572,
      "z" : -15.659572
    },
    "orientation" : 37
  }, {
    "shape" : "9e78361c-ecc9-4938-aaa0-f457430669c5",
    "color" : "#FFFF00",
    "position" : {
      "x" : 0.0,
      "y" : -15.659572,
      "z" : 0.0
    },
    "orientation" : 6
  }, {
    "shape" : "dbb94a32-8d00-45b1-864c-1605a9584abb",
    "color" : "#FFFFFF",
    "position" : {
      "x" : 15.659572,
      "y" : 0.0,
      "z" : 0.0
    }
  }, {
    "shape" : "dbb94a32-8d00-45b1-864c-1605a9584abb",
    "color" : "#CCCCCC",
    "position" : {
      "x" : 0.0,
      "y" : 0.0,
      "z" : 0.0
    }
  }, {
    "shape" : "6b72c6e6-9f4e-43f0-ab20-680055c4b94f",
    "color" : "#009900",
    "position" : {
      "x" : -15.659572,
      "y" : -15.659572,
      "z" : -15.659572
    },
    "orientation" : 2
  }, {
    "shape" : "2ec5e190-1c19-47b4-a6f5-136d84078d29",
    "color" : "#FF3333",
    "position" : {
      "x" : -15.659572,
      "y" : -15.659572,
      "z" : -15.659572
    },
    "orientation" : 8
  }, {
    "shape" : "dbb94a32-8d00-45b1-864c-1605a9584abb",
    "color" : "#FFFFFF",
    "position" : {
      "x" : 25.337719,
      "y" : 0.0,
      "z" : -9.678147
    }
  }, {
    "shape" : "6b72c6e6-9f4e-43f0-ab20-680055c4b94f",
    "color" : "#009900",
    "position" : {
      "x" : -15.659572,
      "y" : 15.659572,
      "z" : -15.659572
    },
    "orientation" : 0
  }, {
    "shape" : "1d1280c7-c03d-4cfc-aeb4-9c6f0c97ea22",
    "color" : "#CCCCCC",
    "position" : {
      "x" : 0.0,
      "y" : 9.678147,
      "z" : -25.337719
    },
    "orientation" : 16
  }, {
    "shape" : "1d1280c7-c03d-4cfc-aeb4-9c6f0c97ea22",
    "color" : "#CCCCCC",
    "position" : {
      "x" : 9.678147,
      "y" : -25.337719,
      "z" : 0.0
    },
    "orientation" : 10
  }, {
    "shape" : "dbb94a32-8d00-45b1-864c-1605a9584abb",
    "color" : "#FFFFFF",
    "position" : {
      "x" : 15.659572,
      "y" : -15.659572,
      "z" : -15.659572
    }
  }, {
    "shape" : "1d1280c7-c03d-4cfc-aeb4-9c6f0c97ea22",
    "color" : "#CCCCCC",
    "position" : {
      "x" : 0.0,
      "y" : -9.678147,
      "z" : 25.337719
    },
    "orientation" : 53
  }, {
    "shape" : "1d1280c7-c03d-4cfc-aeb4-9c6f0c97ea22",
    "color" : "#CCCCCC",
    "position" : {
      "x" : 9.678147,
      "y" : 25.337719,
      "z" : 0.0
    },
    "orientation" : 45
  }, {
    "shape" : "1d1280c7-c03d-4cfc-aeb4-9c6f0c97ea22",
    "color" : "#CCCCCC",
    "position" : {
      "x" : 0.0,
      "y" : -9.678147,
      "z" : -25.337719
    },
    "orientation" : 41
  }, {
    "shape" : "dbb94a32-8d00-45b1-864c-1605a9584abb",
    "color" : "#FFFFFF",
    "position" : {
      "x" : 0.0,
      "y" : 9.678147,
      "z" : 25.337719
    }
  }, {
    "shape" : "dbb94a32-8d00-45b1-864c-1605a9584abb",
    "color" : "#FFFFFF",
    "position" : {
      "x" : 9.678147,
      "y" : -25.337719,
      "z" : 0.0
